# Features of iteration 9 (to be run with cfg_train = rlg_aliengo_9.yaml)
# - contact info is limited to binary contact switch based on +z contact force
# - 0.99 additional reward for hitting center of footstep vs 0.5 before
# - 0.998 discount factor vs 0.99 before
# - 0.5x episodes length (so initializtion has more representation)
# - 2000 vs 1750 p gain
env:
  numEnvs: 4000
  envSpacing: 4.0
  numActions: 15
  actionSpace: pmtg  # can either be 'pmtg', 'joints', 'foot_positions'
  controlFrequencyInv: 1 # this is action repeat

  joint_angle_lb: [-1.22173048, -1.570795  , -2.77507351, -1.22173048, -1.570795, -2.77507351, -1.22173048, -1.570795  , -2.77507351, -1.22173048, -1.570795  , -2.77507351]
  joint_angle_ub: [ 1.22173048,  1.570795  , -0.64577182,  1.22173048,  1.570795  , -0.64577182,  1.22173048,  1.570795  , -0.64577182,  1.22173048, 1.570795  , -0.64577182]
  # joint_angle_lb: [-1.22173048, -3.14159  , -2.77507351, -1.22173048, -3.14159, -2.77507351, -1.22173048, -3.14159  , -2.77507351, -1.22173048, -3.14159  , -2.77507351]
  # joint_angle_ub: [ 1.22173048,  3.14159  , -0.64577182,  1.22173048,  3.14159  , -0.64577182,  1.22173048,  3.14159  , -0.64577182,  1.22173048, 3.14159  , -0.64577182]
  foot_pos_lb: [-0.5, -0.5, -0.6]
  foot_pos_ub: [0.5, 0.5, -0.1]
  joint_stiffness: 5000
  joint_damping: 100
  termination:
    reset_height_lb: 0.2  # the height bounds are overridden if there are stepping stones
    reset_height_ub: 0.8
    euler_angles: [0.5, 0.5, 0.5]  # in multiples of pi
    timeout: 450 # in simulation steps
    no_footstep_in: 300  # terminate if the agent hasn't hit the next footstep in 5 seconds (to prevent rew hacking)

  pmtg:
    residual: [0.05, 0.05, 0.02]  # xyz residual for each foot in foot space
    lb: [0.0, -0.3, 0.5]  # amplitude, standing_height, frequency
    ub: [0.1, -0.5, 2.0]
    max_change: [0.01, 0.01, 0.05]  # this defines the action limits for amplitude, standing_height, frequency
    phase_offset: [0.5, 0.0, 0.0, 0.5]  # walk FL, FR, RL, RR
    step_height: 0.05

  ss_footstep_target_parameters:
    contact_force_threshold: 5
    n_cycles: 11
    y_rand: 0

  stepping_stones:
    distance: 2.5  # m
    height_range: 0.0
    density: 1.0
    stone_dim: 0.075
    robot_spacing: 0.01
    spacing: 0.01  # this is the spacing between the stones on the grid
    height: 5.0
    include_starting_ss: False

  reward:
    base_x_vel: [0.0, 1.0]  # rew term coef, clip value
    torque_penalty: [0.000001]
    euler_angle_pen: [0.05, 0.05, 0.0]
    collision_penalty: [0.125]
    hit_footstep: [1.5]
    velocity_towards_footsteps: [0.25, 1000000.0] # coef, clip
    # foot_lift_penalty: [0.125]
    # foot_lift_penalty_smooth: [0.125]
    current_footstep_for_logging: [None] # this is purely just for logging, using the structure I already set up
    smoothness: [0.125] # [0.25]
    slip_penalty: [0.25]
    # foot_lift: [0.25]
    # contact_rew: [0.00]
    foot_stay: [0.25]
    wrong_ss_collision_penalty: [0.125]

  # vision: # automatically gets added to observation if not commented out
  #   size: 128  # only support square images for now

  observation:
    # - base_position
    - base_roll
    - base_pitch
    # - base_yaw
    # - base_velocity
    # - base_angular_velocity
    - base_roll_velocity
    - base_pitch_velocity

    # - joint_positions
    # - joint_velocities
    - joint_torques

    - foot_positions
    - foot_velocities

    - trajectory_generator_state
    - foot_contact_binary
    - footstep_target_distance
    - start_token
    - previous_action
    - previous_previous_action
    - footstep_generator_current_foot_one_hot
    # - stepping_stone_state

  prev_obs_stacking: 0

  asset:
    assetRoot: "../../assets"
    assetFileName: "urdf/aliengo/urdf/aliengo.urdf"

  plane:
    staticFriction: 1.0  # [-]
    dynamicFriction: 1.0  # [-]
    restitution: 0.        # [-]

task:
  randomize: False
